  File: Kevin Samuels [KL9D0N2tyoM].m4a
  Size: 115252795 	Blocks: 223953     IO Block: 1048576 regular file
Device: 0,150	Inode: 4683        Links: 1
Access: (0644/-rw-r--r--)  Uid: ( 1000/  jasper)   Gid: ( 3000/ UNKNOWN)
Access: 2022-05-05 02:01:42.000000000 -0400
Modify: 2022-05-05 02:01:42.000000000 -0400
Change: 2023-11-10 12:55:19.139341830 -0500
 Birth: -
